1473900
1350700
1444700
1460300
1247600
1402900
1372500
1527200
1355200
1356000
4451500
4322900
4745100
4234100
4410700
4310200
4341300
4543100
4372100
4207600
20791500
20812300
20561000
20178600
21005300
24632400
21296200
20173700
21058800
19498300
136164700
129849700
133201900
127632200
125236800
131229600
150988500
148382900
139088000
143071700
1125944000
1154726100
1121808600
1114395400
1079761800
1159404100
1100848800
1098077500
1102954900
1176594900
12271447500
12496146700
12206269500
12251407700
12230175500
12222479000
12521908300
12475050000
12502095300
13164712400
