9844600
8790600
9894800
9730000
8630200
8463300
10467300
9904800
9110800
8805400
8742200
7862800
8602800
10903400
9162500
9238100
8793100
9646700
8448300
9369500
9033000
8268300
13499700
10085900
9303200
9153100
9574000
8706100
10482200
9471500
9443500
8650100
9262200
7643500
8214300
8908300
9105400
11624500
9911200
10168800
8799500
8926000
10189800
8847700
8995500
8391700
11055900
8385500
8548000
8855700
9734700
8702400
9425900
15226900
9707900
9105900
9396600
8168100
8639700
9158300
10208100
8925600
7963500
8364500
8620200
9623100
9629000
8777800
9825600
8667700
9238500
9280800
8171800
9186300
8353600
8886200
9418900
8435400
9229700
8490000
8235900
7754600
8203200
9047500
10098200
8541400
14885000
8538700
8613200
8027700
8786600
9413300
8167200
8972800
9452500
13092700
8818500
8938500
8577200
8409100
8659000
8014100
8426800
7979600
9032600
8866300
8717300
8190800
8482400
9077700
8316300
7918400
8532200
8710500
8743800
9425600
11071900
9302200
8096800
8442300
14876500
9506300
10574100
10041000
21416700
9179400
8434500
8962800
8414900
9158700
9672500
9565100
9238100
9597200
8419500
9680700
9745200
8405400
8221300
9204600
15324000
8373400
8393400
9491200
9164800
10443600
8484200
8101900
9732000
8401600
8879200
8715100
9421000
9468600
8849100
12583700
9051100
9088800
8494900
8390200
8881400
8396200
8406800
8778700
9165600
9426800
10014300
8407600
9559000
9120400
9756200
7884900
10537000
13544600
9115800
9416400
10173900
8507000
9329200
8802800
8538300
8505300
8451300
14948000
13876800
8106000
8112600
9389300
8915300
8256000
7725600
8695200
8475500
7551500
8471300
8412900
8306500
8321600
8424900
7899100
9211300
7976200
9411400
8534500
8171100
8038600
9836800
8868400
8406400
8076100
9194700
8568600
9889200
8767600
7865700
8363000
8182600
8336900
8553800
8228500
7278900
8432200
8178100
8702700
10209000
8614200
8314400
8008700
8653000
10231500
8486400
8492200
8038500
8549600
8098900
7809600
7753500
7767100
8110900
8392300
8296200
8118000
8705400
8097300
11924500
9313000
9023300
9363400
8341500
8853900
8822900
8099100
8844200
8526300
9099900
8969900
8301200
7872800
8549700
8414300
8647700
8750100
8413500
7854000
9944000
8886300
7919000
10290500
8450700
8209200
7891600
7990200
8949800
8293200
7608100
7891400
9286500
9088200
8849600
8243700
8578700
8478200
8840300
7992200
8917900
7621700
7773500
10462400
9177300
8259800
8531500
10357900
9074900
8522900
8839600
8030400
10228100
8863600
8545800
8788800
8077400
9050700
8621200
8347200
9801800
7889700
8008100
8739700
9558400
8650100
7567400
9427800
9689400
8641000
9129100
8862300
10377400
8402300
8449500
8618600
8708900
8236900
8794400
8943300
8254100
9459500
8737600
8568200
8779500
8857000
8648000
10001500
8587900
8268100
8516600
8687900
8570900
9003900
8163700
9341900
8163800
8364700
8441100
9587200
8072600
10425800
8919200
9270500
9095800
8635700
11844100
9256900
9281100
8903000
8796600
10824400
9386100
8877200
8087300
7932000
8824700
7898100
8819400
9611200
8517600
10743200
7748500
8452000
9523500
9040900
9909500
7856000
8667200
8806600
8235000
9512300
10179500
8807500
9399900
9153700
9240300
10060800
8291100
9010400
8253200
10306700
8657200
9102300
9869800
8444200
10566900
8531900
9125900
10948300
9499500
10173700
9047400
8802200
9452800
9590000
8381100
9173200
8807500
9079700
8835900
8945400
9262800
8118300
8757500
9634900
9680200
8047600
12339500
7986600
7582200
8800500
9065700
8711900
10860600
8658500
8799900
9008900
8381500
8222700
8234100
7440600
8646000
8671400
8794600
9200800
9980400
8401700
10842400
9040400
8569600
8342500
10086300
8786000
8253400
9138900
8084000
7773200
8560600
8884500
8196600
8268500
7870700
7729500
8804800
8227000
10648300
8722100
8515800
8368100
8085500
8693400
7702300
10235100
8508200
8500200
8758600
8368200
9033900
9480700
9048500
7531500
8076900
9221800
8500000
8145300
9394400
9715100
7997600
8587700
8364900
7519600
8540500
8563800
8045000
8227200
9317900
8456100
8857500
7447700
8286500
9234900
8398600
9462900
8877500
9266000
8217800
8739500
8602300
8514400
8452800
7929600
7992000
8039600
8463000
9386900
10117700
