1224500
1098100
1023700
1075300
971700
1663900
980700
1071200
1000900
1157900
2331800
2382800
2967700
2422000
2380700
2265700
2459000
2733200
2463300
2389100
9187600
9491500
8935500
8737500
8680100
9126000
8680700
9183800
9600800
9155800
55142800
61391700
53626500
49802300
76662900
52114500
73075900
52316000
60938000
52691900
401873300
412376700
397999500
409316400
409377600
418268200
433641700
417643700
427992900
406361100
5527376200
5539393600
5356800200
5437165900
5423484200
5603082100
5457711800
5359053400
5320325000
5519861600
