3665700
3882300
3777900
3691100
3711100
3982700
3645500
3636400
3844800
3550700
9631100
9685600
9605700
9836200
9431600
9594100
9510700
9428400
9575700
9669900
41565000
42157600
42499600
42610700
41466400
40992000
43039000
41844800
41793500
43663200
292513300
302764200
297743800
291159100
274556700
287927700
291513200
304337800
299264000
307065800
1780824900
1721395700
1634885600
1770142500
1684398900
1699609300
1707619200
1744185600
1735026200
1691737000
16799593800
15802970500
16338409900
15860077300
15987883000
16123404300
16526570200
16778865200
15968516100
16820794800
