1682000
1570900
2215400
1537100
1563200
1653900
1558300
1580800
1503100
1616400
3967900
3772200
3825900
3833000
3669300
3747900
3822000
3949300
4073100
3735000
17096200
17864800
17722500
19097300
17838800
17606400
17130400
16863300
17913400
18425700
109327300
116326600
111236100
109280400
111441000
123253000
109141900
112457800
108902700
107286700
1035395500
1027851700
987045800
1048243400
1057004300
1074859000
1024116000
1034867400
1042149800
1044293000
12313895400
12311254300
12303343900
12364918600
12255999800
12733295400
12314552500
12355240800
12181007100
12680018500
