562000
486200
535300
460700
479400
473500
580800
660600
483300
589500
1844200
1752100
1958700
1994100
1953200
2170800
1988500
1862200
1906600
1988400
10924200
10763000
9929500
10617700
10654300
8969500
9927800
10184100
10212700
10181600
208362000
196305200
189839400
172531300
174150900
182178900
166096900
176564900
183194200
182506500
5700779700
6532302900
6134413600
6036016300
5989625100
6072190600
5938466700
5951290100
6050101100
6217586100
142221482000
140470321400
147808107900
146263395800
141843872200
143403933900
153386221500
148147499600
166255627800
169405433900
