951700
1023000
997300
1040600
1009900
986900
1065900
1070800
934500
928900
1739000
1688700
1808100
1867700
1799600
1717700
1768000
1884500
1666500
1771200
5891400
6224900
6597700
6571100
6536400
6331500
9323000
6128500
6109000
5939000
37511900
35952000
37329500
37620600
39309100
37979500
36524800
39556500
38359000
36220100
254077900
252113400
254612800
249428700
249836500
251661700
255624000
250304300
248204400
255163300
1861254400
1853562700
1876009500
1818875800
1886884900
1876729900
1834881500
1844352300
1868658200
1892005300
