1398300
1712300
1436000
1380600
1426700
1248500
1320500
1356500
1231900
1215800
4453500
4568000
4589200
4670300
4448900
4446300
4225200
4407400
4626500
4391400
19677000
20224500
20932800
20101600
20839200
19994600
20740900
20879300
23886000
21227000
145081200
141817100
126494300
143709600
121169100
127206700
136569600
127262100
126392600
132027100
1114442500
1069445800
1107659700
1121274500
1066213400
1140773300
1105464400
1095194500
1136678400
1085152700
12955122500
12508538500
12466542100
12785637300
12727683500
12723210600
12618625600
12650659800
12669511100
12795857900
