860100
862500
823700
776700
773900
854800
812300
813200
804800
694500
1841000
1849200
1918200
1907600
1959200
1875200
1837800
1834500
1982900
1969900
8196600
8056800
8177000
8172500
8563500
8452300
7860700
7812600
8386700
8726600
52103700
53348500
51998300
53629400
84374000
51825900
51624500
52551200
53360400
50934700
343383400
359825200
330285200
266006000
264490200
274831000
351150100
278317200
278321800
281201800
2264737300
2274594200
2183378300
2098441400
2312392000
2295923000
2188684900
2084568000
2297135100
2229126100
