1646600
1234400
1400900
1301300
1251000
1204700
1227600
1408600
1397700
1246700
2652800
2350800
2366200
2282200
2534900
2470800
2402700
2474100
2527100
2430500
11286900
11924800
12144400
10265200
10731000
11966000
10885800
10571700
11049100
9830700
92633400
97194100
78368000
80715200
82397300
77003400
79331000
94868900
92562100
93826700
892124600
852478600
903182000
860311700
859132900
848999100
874482000
873620100
796947600
834651900
7590972300
7625674000
7663984600
7723935700
7574332400
7611987900
8613252100
7616898500
8254867500
8225808500
