1228900
1078000
1089700
1211300
1082700
1087900
1136300
1394000
1268500
1157100
2508300
2483900
3588300
3413300
3358500
2865300
3635100
2976600
2783300
3430000
11080900
10279000
11602200
11438700
10783200
12936800
9612400
9873800
11079300
9143600
107219400
66191600
80686400
88028000
89437100
47949300
65666000
86777300
57966400
72678200
303986000
581712000
541854500
605748500
405483100
531651600
662232700
551398400
408916600
352393300
5189664900
5516307500
4309429600
5140852600
4196840000
5194486000
4655257300
5267921800
4394135100
4437365400
