3473100
3370600
3633600
3171700
3401500
3627100
3493000
3341100
3207800
3321700
8203600
9833700
9398800
9466200
9735000
9323000
9606200
9412800
9608400
9246000
42721700
41349600
42082100
43892200
41886600
84659900
41253500
55539800
43294400
52168000
257758300
291422600
222101700
310060400
282670000
274251000
262743900
272096600
277694200
268682400
1468017600
1497702800
1480123200
1510187800
1502076400
1403239000
1422276600
1471755700
1460368500
1428825200
12386813200
11908132300
12263691600
12138557000
11978509100
12000345100
12196242700
12177655200
12081540900
12978258200
