1878600
1540600
1521800
1427900
1515900
1837200
1706300
1906000
2112500
1701600
4160600
4112000
4348200
3793400
3797000
3901600
4173700
3773600
3695300
4018300
17327100
18208600
21262800
18903500
17745500
17712100
17715900
18945300
19098600
19121900
124189500
112065100
137503700
110706500
107909800
110979100
125459600
145806800
113694000
158497800
1091658900
1144689600
1086379500
1172866900
1117519800
1125496000
1131230400
1206788200
1097262900
1107218800
11171748600
11297912300
11142488500
11142388200
11175696000
11079398600
11087260400
11253259900
11599998700
11217080400
