459000
907300
480100
536200
490900
559100
441400
459300
583900
552400
1319200
1343900
1431200
1374700
1351800
1439900
1618700
1589200
1470900
1427700
6716700
10247200
5603500
5744500
6810300
6794200
5332900
6551500
5694100
5469300
63852700
60815300
58817700
59560500
74631600
59807800
69563000
70067300
68639000
56102400
1434454000
1949813400
1699890500
1894623700
1809851300
1719630000
1837327800
1582528600
1769136200
1875629300
123660288900
119299073100
123345198500
132382958500
119384048000
125498201100
114176991700
130024648700
128837742100
128557365300
