974800
1026600
1004700
919000
1037200
967100
1197100
1016100
1007500
992400
1855300
1560200
1908100
1735000
1744700
1704300
1714300
2039100
1937700
1911700
6214500
6180800
10193300
8784200
7832800
7842600
6483600
6290700
8207100
7585800
28035100
27234200
30841500
28153900
29280100
30953700
29739400
29816600
29810700
28508000
122803400
120825400
114574100
125482600
114303300
123102700
109311300
128530700
115256300
122983100
789528500
960732400
785073400
785516200
805568600
772684900
778362700
779124000
775018500
785394900
