1398300
1452300
1400200
1278300
1324600
1605400
1247900
1369400
1412300
1365000
4272400
4521300
4246400
4611700
4291600
4289000
4523900
4451500
4511600
4115200
20734900
21677400
20474100
21277500
21510200
23672500
20334300
20454700
20640700
20034100
111904000
108301700
113185000
111474500
114719500
121497900
110493500
107892800
111340900
108050400
911303900
747535000
764666900
773863600
1029158600
790608000
736034800
942998700
806903800
997965200
5540773800
8723267300
5540704600
6768152800
8280671100
8500592700
8373178200
5451611200
5684964300
8577048800
