764000
724800
805400
921300
752100
683700
761100
752800
750500
764100
1688500
1659400
1648200
1627600
1788400
1814100
1570100
1694000
1852800
1738500
6828800
8359400
7860500
8044200
7497300
7618500
8889700
8024400
7857900
7052200
51823700
48003700
54419200
52145600
56983400
44474300
46396600
50403900
57857800
57554800
206488000
212856000
178099600
198307300
204917100
205077000
184317500
184259300
212385600
198721300
1799750500
1753730600
1761556400
1781942600
2223274400
2014204700
2114919400
1985142800
1907072800
1820262500
