1137400
1103200
972600
1017300
1091800
1039900
1196600
980800
1026900
1032400
1944100
2333100
1975400
2067700
1963400
2184000
1946300
1974500
2040400
2027600
11986300
11259200
10543800
10868900
11004000
10981900
11819000
10904400
9529900
9805700
59877900
61197800
59589200
62535800
78652900
59720700
61705700
60071100
59226800
59477500
548115200
560352100
564369300
524731100
554002000
529273100
555957300
547138600
523868100
536128900
3315166500
3477028800
3517416200
3405121800
3345417000
3539804500
3433479000
3340867200
3583424000
3319187400
