14033500
1078400
1029100
1034100
996700
1086300
1001200
1019800
1057400
1095000
2039200
2020100
2166900
2022000
2049000
2062300
1988500
2030000
1937000
1816000
10486600
7357900
7399000
7249600
7134700
7201100
6923700
7169800
12404300
7127300
51668900
40499700
42526500
42590300
43028400
50773500
46945000
39002000
43219000
44001300
287731400
296900400
294952500
282308100
284161500
303229900
312043700
335341900
291478400
359332300
3486839000
3525244900
3509778700
3520974800
3481793900
3632001500
3523841400
3417762100
3455895800
3486413100
