4173200
3879200
4280900
3976600
3929900
4030600
4024500
4110700
3928600
4082300
10207600
10229800
9799500
10088600
9928500
9933900
10515700
9903900
9974800
10264600
43187000
69064500
42267300
44467000
43927100
47204200
43751500
45827300
44649400
72199400
281519300
306475400
280921900
302171200
323539300
287561500
318295200
337521800
291652700
288254200
1793204000
1619415700
1699117800
1633769300
1657808400
1654014700
1659085100
1694442000
1649024500
1740908700
16221865600
16380006300
16412919200
16138549300
15933400300
16337417200
16513992500
17148829700
16989859600
15760655900
