6347601
2006999
1931300
1887800
1948001
1863000
1831299
2042000
1991200
1960699
4296200
4470701
4123799
4115700
4422301
4347000
4280900
4836900
4449100
4324801
18725000
22350200
18055900
17950700
18334900
18043901
19139600
18742600
20297601
18622200
116706801
108745399
113789700
112498100
112909700
138889200
103677300
111220800
115186800
142650500
1124189800
1074790099
1078943000
1146420200
1087791900
1075666800
1091535899
1110836800
1142561599
1080064000
12978879100
12646072000
12893447100
13109451700
12883473999
13052453900
12820428200
12877388701
13186429900
13325695500
