1236500
971600
983000
1091400
1006400
998000
986000
1008500
1026300
1006200
1486000
1545200
1533700
1571500
1655200
1540500
1552200
1589700
1879600
1523700
5494000
5455900
5446900
5813600
5288200
5472500
5753000
5336600
5188500
5735400
33222600
33247600
35709100
36088100
33060200
34601000
35615500
33103900
34321500
34457000
223465200
216712300
219069400
216076600
215130700
215242400
213144700
212790800
224620100
210989000
1519208700
1485308100
1543618300
1520789100
1672965700
1499849500
1478060900
1500454200
1529127200
1498222100
