32737500
1340900
1396300
1320000
1377400
1298400
1556500
1511500
1654800
1473900
2437900
2482800
2383100
2389800
2453100
2403500
2452300
2433400
2341700
2376500
10086300
11048400
10466700
10562600
11008600
10761400
10706100
9834400
10421300
10601500
91456500
90453700
78524900
91129700
87397000
80375000
95634300
89813700
80400800
85810700
892905900
894224200
890638100
902223600
903495500
888166200
879948300
916927500
871302600
928830800
10201289400
10292630500
10430912800
10317476100
10195699800
10152860400
10253169000
10189550400
10481416500
10301756300
