1225600
1202600
1278300
1191700
1325700
1187600
1221300
1391200
1255000
1093800
2204700
1998000
2093800
2227300
2023500
2211800
2322800
2067000
2207900
2253100
8469100
8006300
8463500
9243400
7720600
8328800
8316000
7475500
8287500
8034800
47735100
51732700
47835600
42134500
49958400
54605500
42509600
54520300
40650900
45659000
296666600
311517800
302887400
292001100
315497500
286574100
304903200
299705500
321017100
302205900
3632306100
3538369900
3462437700
3582203800
3527558900
3671219200
3551031600
3549762000
3645517100
3511956100
