1165800
1116000
1114400
1156400
1189400
1108500
1206300
1285300
1197400
984700
1924700
1693100
1788600
1752100
1740000
1625700
1751600
1772700
1751000
1720400
5922700
5754200
10161400
7196100
6022800
6091500
6155800
8983800
16915500
5888400
33626900
36129100
34139600
33051200
33238100
33697900
33002300
32892200
36697600
32813900
230589500
223982200
226599800
218608500
225568900
218961500
219190200
223757800
224240400
222420800
1597067600
1563187500
1570491500
1470298800
1483842700
1467792200
1492093200
1488713000
1518173200
1572216100
