891000
1036000
998900
911500
903200
970500
892500
880200
894200
1097200
1954800
1906500
2186400
1958600
2060300
1743000
1853600
1933400
1948800
1876000
8641400
22817100
7656900
8151900
8629800
8392500
7803100
7660200
8173400
8363500
49321400
49565100
48426700
54025600
52883300
50151900
59773100
51554500
51814400
48117000
244893400
242603900
267768900
320954600
244000400
254136800
257162000
245735500
279072900
262782800
2193283200
2107612200
1971191100
2234343400
2115908600
2093117700
2052056100
2116463400
2047268900
2073632400
