1202600
1193600
1167500
1287800
1249200
1374200
1255700
1404400
1212000
1138800
2093700
2946500
2206500
2445400
2471600
2412500
2591000
2399200
2332600
2356400
10490800
10957900
11426800
11292000
10916200
10562100
13251600
11116100
11207700
11291800
76580300
75491300
78668900
84415300
92142300
86346800
97328800
82556000
84566600
80195500
822534400
878159600
861397000
857418000
871281000
831673900
837537700
837522000
873086300
892006100
7597656700
7634268300
7610436900
7577855400
7525909600
7519736600
7517120500
7591586200
7658499600
7595454000
